R1: 
[0.8202, 0.92904, 0.79068, 0.77644, 0.7948400000000001, 0.74724, 0.6913199999999999, 0.9246800000000001, 0.7492800000000001, 0.8171199999999998, 0.77868, 0.8859999999999999, 0.8863199999999999, 0.70468, 0.9096399999999999, 0.7835599999999999, 0.87536, 0.9074399999999999, 0.9565199999999999]
R2: 
[0.8037999999999998, 0.9196, 0.80952, 0.75852, 0.7830000000000001, 0.74992, 0.6980000000000001, 0.9413199999999999, 0.74092, 0.84404, 0.7989200000000001, 0.8852800000000001, 0.8728, 0.7008400000000001, 0.91336, 0.7638, 0.86928, 0.8848, 0.96096]
R3: 
[0.51224, 0.5162800000000001, 0.61868, 0.59216, 0.57568, 0.56536, 0.5292399999999999, 0.8218400000000001, 0.5360400000000001, 0.73424, 0.65408, 0.40544, 0.48296, 0.5033200000000001, 0.93148, 0.48636, 0.81716, 0.8197599999999999, 0.9500399999999999]
R4: 
[0.78504, 0.87036, 0.7952400000000001, 0.73464, 0.7599600000000001, 0.73228, 0.6498, 0.92028, 0.73536, 0.8476800000000001, 0.8028000000000001, 0.85276, 0.86148, 0.70164, 0.9138, 0.72984, 0.8821199999999999, 0.8517199999999999, 0.9590799999999999]
R5: 
[0.77172, 0.88232, 0.79964, 0.71444, 0.7615200000000001, 0.7332000000000001, 0.6467599999999999, 0.9100400000000001, 0.6836, 0.8228, 0.7790800000000001, 0.85556, 0.8463200000000001, 0.67276, 0.90808, 0.6916, 0.85024, 0.8932399999999999, 0.9461999999999999]
R6: 
[0.51808, 0.52356, 0.6157199999999999, 0.58108, 0.56968, 0.5652799999999999, 0.53032, 0.8296000000000001, 0.54268, 0.70608, 0.63852, 0.41588, 0.48943999999999993, 0.51444, 0.93848, 0.50392, 0.8606, 0.8242, 0.9488]
0: 
0.7018466666666666
1: 
0.7735266666666667
2: 
0.7382466666666666
3: 
0.6928799999999998
4: 
0.7074466666666668
5: 
0.6822133333333333
6: 
0.62424
7: 
0.8912933333333335
8: 
0.6646466666666667
9: 
0.7953266666666666
10: 
0.7420133333333333
11: 
0.7168199999999999
12: 
0.7398866666666666
13: 
0.6329466666666667
14: 
0.9191400000000001
15: 
0.6598466666666667
16: 
0.8591266666666666
17: 
0.8635266666666667
18: 
0.9536000000000001

R1: 
0.5771418960972844
R2: 
0.5810729777085722
R3: 
0.4251761696862458
R4: 
0.5574606200393496
R5: 
0.5472662409873452
R6: 
0.4278204866929312